T	=	12	;
R	=	494	;
U	=	25	;
S	=	100	;
L	=	5	;
levU	=	[	2	1	2	2	1	1	2	1	1	3	3	1	1	4	1	1	1	1	1	2	1	2	1	3	2 ];
levS	=	[	1	2	1	1	1	1	1	1	1	1	1	1	1	1	3	3	2	2	2	2	3	1	1	3	1	1	4	2	1	1	2	1	3	1	4	1	3	1	2	1	1	1	1	1	3	1	4	1	1	1	3	1	1	2	2	3	2	4	4	2	1	2	1	4	2	1	1	2	2	1	1	4	1	2	4	2	1	2	1	1	1	3	1	4	1	2	4	1	1	1	4	1	1	1	5	1	2	2	3	1 ];
d	=	[	1	12	1	1	2	1	12	1	4	12	3	4	12	12	12	6	12	1	2	1	12	12	10	1	3 ];
rd	=	[	10	1	2	2	4	2	1	2	9	1	10	8	1	1	1	7	1	2	9	10	1	1	2	9	1 ];
dd	=	[	10	12	10	6	5	9	12	2	12	12	12	11	12	12	12	12	12	3	10	11	12	12	12	11	5 ];
O	=	[	76000.0000	429000.0000	78000.0000	132000.0000	69000.0000	64000.0000	1426000.0000	37000.0000	139000.0000	3339000.0000	440000.0000	148000.0000	518000.0000	3157000.0000	398000.0000	407000.0000	424000.0000	35000.0000	151000.0000	69000.0000	444000.0000	1461000.0000	643000.0000	163000.0000	211000.0000 ];
v	=	[	9.0000	283.0000	103.0000	135.0000	235.0000	95.0000	133.0000	135.0000	35.0000	156.0000	164.0000	88.0000	234.0000	268.0000	236.0000	239.0000	273.0000	147.0000	247.0000	229.0000	265.0000	272.0000	87.0000	286.0000	145.0000	255.0000	9.0000	207.0000	83.0000	206.0000	219.0000	153.0000	153.0000	251.0000	77.0000	175.0000	101.0000	150.0000	13.0000	117.0000	160.0000	87.0000	9.0000	277.0000	215.0000	62.0000	229.0000	74.0000	58.0000	31.0000	64.0000	295.0000	277.0000	271.0000	265.0000	166.0000	66.0000	227.0000	260.0000	190.0000	90.0000	270.0000	55.0000	164.0000	86.0000	88.0000	127.0000	116.0000	200.0000	297.0000	3.0000	177.0000	176.0000	16.0000	131.0000	256.0000	289.0000	201.0000	12.0000	294.0000	152.0000	248.0000	233.0000	88.0000	41.0000	148.0000	160.0000	34.0000	269.0000	87.0000	54.0000	134.0000	204.0000	253.0000	275.0000	168.0000	98.0000	222.0000	172.0000	136.0000 ];
SFT	=	[	2.2E7	4.2E7	8.5E7	1.65E8	3.25E8 ];
FF	=	[	1.1E7	2.1E7	4.25E7	8.25E7	1.625E8 ];
MaxP	=	[	619000.0	1169000.0	2369000.0	4588999.999999999	9029000.0 ];
C	=	[[	10000.00	20000.00	50000.00	110000.00	220000.00	]
[	10000.00	20000.00	50000.00	110000.00	220000.00	]
[	10000.00	20000.00	50000.00	110000.00	220000.00	]
[	10000.00	20000.00	50000.00	110000.00	220000.00	]
[	10000.00	20000.00	50000.00	110000.00	220000.00	]
[	10000.00	20000.00	50000.00	110000.00	220000.00	]
[	10000.00	20000.00	50000.00	110000.00	220000.00	]
[	10000.00	20000.00	50000.00	110000.00	220000.00	]
[	10000.00	20000.00	50000.00	110000.00	220000.00	]
[	10000.00	20000.00	50000.00	110000.00	220000.00	]
[	10000.00	20000.00	50000.00	110000.00	220000.00	]
[	10000.00	20000.00	50000.00	110000.00	220000.00	]
];
demand	=	[[	8.00	26.00	15.00	36.00	8.00	12.00	74.00	40.00	197.00	200.00	200.00	50.00	]
[	41.00	41.00	44.00	31.00	35.00	59.00	102.00	264.00	100.00	247.00	183.00	310.00	]
[	13.00	7.00	16.00	29.00	0.00	36.00	40.00	12.00	84.00	200.00	47.00	200.00	]
[	19.00	3.00	2.00	8.00	23.00	26.00	78.00	112.00	80.00	158.00	200.00	3.00	]
[	5.00	15.00	35.00	33.00	1.00	38.00	13.00	26.00	174.00	163.00	7.00	103.00	]
[	22.00	3.00	4.00	9.00	5.00	7.00	45.00	78.00	38.00	11.00	165.00	18.00	]
[	18.00	21.00	26.00	12.00	17.00	6.00	56.00	52.00	115.00	200.00	62.00	124.00	]
[	39.00	9.00	10.00	31.00	1.00	11.00	13.00	124.00	109.00	91.00	200.00	200.00	]
[	20.00	11.00	10.00	15.00	15.00	34.00	68.00	28.00	59.00	200.00	200.00	200.00	]
[	21.00	26.00	27.00	4.00	38.00	0.00	7.00	96.00	114.00	91.00	200.00	0.00	]
[	26.00	13.00	11.00	18.00	34.00	10.00	8.00	136.00	96.00	103.00	200.00	200.00	]
[	26.00	9.00	2.00	7.00	14.00	15.00	25.00	151.00	146.00	200.00	200.00	99.00	]
[	9.00	1.00	2.00	19.00	0.00	35.00	70.00	100.00	65.00	176.00	172.00	200.00	]
[	17.00	35.00	31.00	29.00	5.00	9.00	2.00	96.00	91.00	200.00	80.00	200.00	]
[	79.00	108.00	57.00	69.00	51.00	31.00	295.00	139.00	420.00	434.00	238.00	705.00	]
[	129.00	130.00	121.00	47.00	50.00	122.00	70.00	359.00	712.00	192.00	637.00	800.00	]
[	23.00	79.00	20.00	30.00	48.00	22.00	24.00	46.00	283.00	61.00	301.00	325.00	]
[	62.00	68.00	50.00	4.00	49.00	64.00	102.00	269.00	360.00	400.00	400.00	284.00	]
[	31.00	34.00	48.00	23.00	17.00	37.00	26.00	196.00	228.00	27.00	47.00	400.00	]
[	59.00	76.00	78.00	44.00	6.00	41.00	139.00	124.00	286.00	400.00	397.00	248.00	]
[	121.00	53.00	154.00	102.00	8.00	146.00	265.00	21.00	55.00	800.00	624.00	658.00	]
[	21.00	17.00	1.00	21.00	16.00	18.00	49.00	58.00	142.00	120.00	200.00	92.00	]
[	13.00	22.00	12.00	36.00	34.00	25.00	29.00	112.00	174.00	1.00	200.00	200.00	]
[	2.00	148.00	120.00	92.00	108.00	144.00	161.00	338.00	3.00	800.00	174.00	800.00	]
[	11.00	37.00	20.00	19.00	14.00	9.00	6.00	26.00	171.00	200.00	137.00	200.00	]
[	5.00	8.00	1.00	1.00	10.00	37.00	65.00	111.00	13.00	99.00	200.00	197.00	]
[	255.00	158.00	234.00	101.00	82.00	220.00	534.00	1210.00	1228.00	1600.00	1600.00	1600.00	]
[	68.00	26.00	70.00	17.00	6.00	61.00	124.00	246.00	89.00	82.00	400.00	400.00	]
[	10.00	32.00	28.00	21.00	6.00	38.00	5.00	146.00	80.00	200.00	200.00	200.00	]
[	24.00	2.00	3.00	31.00	31.00	10.00	12.00	92.00	91.00	200.00	179.00	147.00	]
[	38.00	77.00	11.00	32.00	47.00	34.00	108.00	112.00	210.00	400.00	94.00	55.00	]
[	15.00	27.00	36.00	34.00	13.00	13.00	52.00	118.00	99.00	200.00	200.00	200.00	]
[	98.00	117.00	130.00	33.00	39.00	139.00	164.00	73.00	499.00	711.00	487.00	800.00	]
[	33.00	24.00	34.00	18.00	25.00	31.00	30.00	37.00	106.00	200.00	141.00	125.00	]
[	63.00	204.00	3.00	112.00	272.00	32.00	166.00	598.00	1484.00	1600.00	1539.00	1600.00	]
[	29.00	4.00	23.00	37.00	31.00	32.00	25.00	57.00	120.00	200.00	8.00	112.00	]
[	92.00	158.00	85.00	22.00	136.00	135.00	125.00	24.00	311.00	27.00	800.00	800.00	]
[	25.00	39.00	27.00	25.00	22.00	7.00	60.00	152.00	49.00	25.00	200.00	146.00	]
[	12.00	55.00	40.00	12.00	65.00	8.00	38.00	47.00	25.00	239.00	311.00	217.00	]
[	24.00	4.00	31.00	25.00	10.00	9.00	22.00	114.00	127.00	200.00	200.00	128.00	]
[	25.00	18.00	33.00	37.00	29.00	22.00	22.00	129.00	178.00	200.00	200.00	200.00	]
[	13.00	28.00	36.00	7.00	12.00	3.00	31.00	32.00	2.00	26.00	82.00	55.00	]
[	13.00	39.00	3.00	27.00	20.00	18.00	25.00	89.00	56.00	162.00	200.00	200.00	]
[	3.00	13.00	11.00	38.00	36.00	4.00	6.00	133.00	86.00	134.00	189.00	200.00	]
[	159.00	51.00	40.00	55.00	78.00	135.00	212.00	367.00	29.00	467.00	119.00	596.00	]
[	3.00	17.00	10.00	37.00	24.00	20.00	10.00	117.00	193.00	20.00	200.00	200.00	]
[	242.00	194.00	297.00	247.00	176.00	64.00	104.00	1072.00	1023.00	263.00	520.00	1600.00	]
[	24.00	35.00	3.00	28.00	17.00	0.00	8.00	80.00	46.00	42.00	176.00	200.00	]
[	26.00	10.00	10.00	32.00	9.00	19.00	5.00	47.00	107.00	157.00	200.00	197.00	]
[	1.00	32.00	4.00	32.00	3.00	33.00	43.00	5.00	105.00	200.00	200.00	82.00	]
[	27.00	138.00	93.00	8.00	28.00	88.00	270.00	308.00	150.00	82.00	547.00	800.00	]
[	24.00	32.00	22.00	38.00	34.00	22.00	56.00	154.00	131.00	70.00	58.00	36.00	]
[	11.00	17.00	21.00	24.00	33.00	31.00	55.00	137.00	40.00	200.00	33.00	188.00	]
[	54.00	30.00	66.00	1.00	3.00	73.00	151.00	221.00	143.00	400.00	400.00	134.00	]
[	40.00	29.00	12.00	46.00	59.00	26.00	96.00	151.00	276.00	400.00	376.00	255.00	]
[	67.00	108.00	47.00	37.00	71.00	93.00	87.00	568.00	132.00	794.00	800.00	181.00	]
[	48.00	24.00	50.00	24.00	39.00	38.00	105.00	82.00	361.00	400.00	400.00	400.00	]
[	243.00	140.00	182.00	270.00	297.00	17.00	138.00	310.00	594.00	1578.00	1600.00	99.00	]
[	59.00	126.00	68.00	68.00	0.00	126.00	539.00	831.00	570.00	334.00	1600.00	160.00	]
[	70.00	77.00	68.00	12.00	36.00	77.00	21.00	227.00	389.00	122.00	265.00	312.00	]
[	10.00	35.00	28.00	0.00	23.00	35.00	6.00	68.00	196.00	87.00	84.00	155.00	]
[	41.00	45.00	42.00	26.00	41.00	70.00	128.00	210.00	379.00	48.00	172.00	57.00	]
[	11.00	28.00	29.00	9.00	15.00	1.00	43.00	63.00	87.00	99.00	200.00	8.00	]
[	244.00	8.00	276.00	135.00	295.00	21.00	580.00	1037.00	1346.00	954.00	1600.00	1600.00	]
[	13.00	7.00	48.00	25.00	65.00	59.00	38.00	139.00	150.00	296.00	389.00	258.00	]
[	36.00	14.00	37.00	24.00	8.00	5.00	51.00	3.00	167.00	62.00	200.00	122.00	]
[	30.00	37.00	22.00	27.00	39.00	22.00	79.00	100.00	56.00	200.00	161.00	200.00	]
[	49.00	47.00	63.00	32.00	19.00	53.00	120.00	275.00	115.00	36.00	400.00	352.00	]
[	14.00	22.00	66.00	29.00	42.00	8.00	57.00	246.00	397.00	71.00	74.00	41.00	]
[	2.00	32.00	15.00	11.00	8.00	38.00	35.00	70.00	11.00	42.00	200.00	197.00	]
[	27.00	26.00	6.00	21.00	10.00	8.00	47.00	81.00	78.00	9.00	142.00	200.00	]
[	85.00	75.00	131.00	181.00	269.00	42.00	367.00	520.00	421.00	391.00	1600.00	1600.00	]
[	5.00	10.00	32.00	5.00	21.00	10.00	57.00	88.00	62.00	200.00	200.00	200.00	]
[	36.00	50.00	45.00	70.00	4.00	59.00	69.00	230.00	49.00	178.00	293.00	300.00	]
[	231.00	157.00	309.00	302.00	117.00	54.00	114.00	1206.00	1069.00	1511.00	1321.00	836.00	]
[	1.00	53.00	52.00	54.00	28.00	76.00	155.00	104.00	98.00	83.00	194.00	400.00	]
[	10.00	3.00	6.00	30.00	30.00	13.00	19.00	93.00	38.00	80.00	200.00	148.00	]
[	1.00	38.00	31.00	75.00	14.00	36.00	83.00	140.00	198.00	0.00	345.00	179.00	]
[	39.00	36.00	33.00	11.00	30.00	5.00	23.00	147.00	199.00	181.00	200.00	200.00	]
[	23.00	15.00	32.00	30.00	2.00	11.00	59.00	104.00	0.00	18.00	150.00	3.00	]
[	6.00	18.00	37.00	7.00	36.00	38.00	12.00	67.00	13.00	200.00	200.00	200.00	]
[	117.00	124.00	139.00	119.00	13.00	63.00	311.00	589.00	94.00	728.00	214.00	548.00	]
[	20.00	38.00	19.00	0.00	26.00	11.00	27.00	1.00	8.00	35.00	80.00	67.00	]
[	102.00	219.00	187.00	218.00	99.00	106.00	214.00	514.00	330.00	1132.00	1021.00	373.00	]
[	22.00	32.00	31.00	0.00	14.00	24.00	19.00	58.00	113.00	200.00	200.00	200.00	]
[	7.00	35.00	53.00	52.00	69.00	5.00	65.00	248.00	350.00	64.00	37.00	400.00	]
[	148.00	54.00	292.00	159.00	285.00	312.00	420.00	440.00	1239.00	1600.00	97.00	1507.00	]
[	31.00	31.00	37.00	6.00	13.00	3.00	68.00	20.00	175.00	36.00	135.00	29.00	]
[	9.00	9.00	25.00	15.00	20.00	16.00	76.00	131.00	20.00	15.00	162.00	200.00	]
[	11.00	8.00	33.00	11.00	7.00	3.00	62.00	139.00	86.00	200.00	200.00	155.00	]
[	186.00	9.00	305.00	66.00	93.00	135.00	57.00	437.00	1017.00	1207.00	1600.00	1600.00	]
[	35.00	12.00	17.00	17.00	39.00	7.00	42.00	44.00	145.00	200.00	200.00	158.00	]
[	26.00	11.00	8.00	25.00	12.00	26.00	57.00	130.00	177.00	200.00	200.00	200.00	]
[	24.00	37.00	2.00	23.00	11.00	25.00	71.00	18.00	196.00	200.00	19.00	78.00	]
[	75.00	159.00	17.00	272.00	44.00	461.00	974.00	41.00	1446.00	3035.00	707.00	3200.00	]
[	28.00	10.00	3.00	8.00	9.00	25.00	26.00	67.00	188.00	200.00	131.00	51.00	]
[	44.00	10.00	18.00	20.00	71.00	75.00	95.00	124.00	361.00	195.00	27.00	116.00	]
[	43.00	14.00	45.00	56.00	62.00	17.00	68.00	30.00	211.00	109.00	346.00	400.00	]
[	51.00	37.00	137.00	146.00	92.00	103.00	159.00	57.00	251.00	800.00	486.00	12.00	]
[	9.00	27.00	30.00	34.00	7.00	14.00	24.00	123.00	111.00	194.00	41.00	198.00	]
];
